7
2105136538
2035019685
1185344769
142981179
921480608
1984938156
704922968
449147610
1221371950
1632151877
561423848
1673174309
1808861317
2112894879
283311141
548134571
1885137593
876367144
1698531915
508468177
1223919262
2077344144
1853535141
894139516
326810738
823961040
911538126
326755146
152750580
770498314
1584884176
27644928
136116779
1369220510
457858063
2065013434
1769782875
915447497
1683607663
1820049705
678870636
394343240
1390916772
53885200
828204990
751054307
1197017700
807220960
1386412686
345426938
1575983736
414666248
517903840
536517612
275011722
1244226595
452074878
126206457
653415
1126863498
675491661
935476985
1176249478
1411256186
1365193654
1994985482
1243263549
1926787750
1472300884
1184540765
1890198509
962785042
1271754981
1054547697
816961876
652693738
1273756507
742919217
994459180
452310021
659812243
1206876295
1326934384
1757218246
1600173689
135998948
1415896929
697593019
2056638549
1687064789
366782194
568202474
688554813
410635314
1702171865
373075446
244906321
818485497
668019760