7
2102470938
1609730153
914241392
977890455
1985645950
190594415
1401421392
1309124479
1665975622
1283950980
599153720
1224471833
1356171552
1103138891
500920665
1859505786
2071154986
1156043339
511834304
700089596
2017881372
265357079
1955927914
1349591112
1473304696
1031151374
1279865381
399436978
1543415121
1759001727
470226718
405432466
1646488441
1534885964
567104496
964743255
1773074516
1102169453
1135111722
1063709925
192944693
59280669
2085804915
2093811532
283658626
1857081055
2071003074
967370571
1467551388
965706013
565696031
1651505289
1308115360
57894940
577584374
865698000
196322331
1993397241
332456450
758311119
1190601376
1896676326
122225087
526512855
1270629210
1739183711
1874371507
1922098870
2140500091
2124999148
2022994358
90566527
761009015
940601271
2086456157
1624541216
1425066215
1431037639
476650110
1339840329
519539943
369007875
461291737
906234471
265072093
427570989
836230565
1195612495
567580739
1593256493
2132026723
131315861
1884414237
1472945171
332250956
1162146777
20619093
854875200
1104482761